-1.167130768299102783e-01
7.687109708786010742e-02
-5.143979936838150024e-02
-1.592623256146907806e-02
-4.566196724772453308e-02
-1.234957762062549591e-02
2.901364676654338837e-02
-8.679442107677459717e-02
-9.134456515312194824e-02
-9.969023056328296661e-03
-9.434239566326141357e-02
-4.858078435063362122e-02
-1.361801773309707642e-01
4.169724881649017334e-02
1.106976643204689026e-01
1.861002296209335327e-02
9.785524010658264160e-02
-1.261610835790634155e-01
-1.322680115699768066e-01
-2.974132075905799866e-02
2.635221779346466064e-01
1.068728417158126831e-01
-6.836038548499345779e-03
-6.275217980146408081e-02
-9.884984232485294342e-03
8.993726223707199097e-02
-1.895284503698348999e-01
-7.751555740833282471e-02
-1.051548868417739868e-01
1.056723818182945251e-01
3.357763215899467468e-02
-8.979968726634979248e-02
4.619822278618812561e-02
1.035518124699592590e-01
1.740591228008270264e-01
-8.475511521100997925e-02
3.668214008212089539e-02
-7.268750667572021484e-02
1.106425523757934570e-01
-7.405594736337661743e-02
2.070547491312026978e-01
1.068198382854461670e-01
1.856677420437335968e-02
-9.547907114028930664e-02
-3.343148622661828995e-03
-6.167869269847869873e-02
-1.954887621104717255e-02
1.026517674326896667e-01
3.176403790712356567e-02
-5.094738444313406944e-04
1.071200519800186157e-02
4.752940684556961060e-02
1.608225330710411072e-02
-1.010927483439445496e-01
-1.557018458843231201e-01
-8.536268025636672974e-02
-7.728887349367141724e-02
-4.885778203606605530e-02
-2.782190218567848206e-02
5.972992256283760071e-02
3.347712010145187378e-02
-1.235047280788421631e-01
8.797469735145568848e-02
-4.486860334873199463e-02
-1.575414687395095825e-01
4.851789027452468872e-02
-2.063731849193572998e-02
-2.367656677961349487e-02
-4.250524938106536865e-02
1.487866491079330444e-01
1.289729177951812744e-01
8.496994525194168091e-02
-2.455562166869640350e-02
5.010631307959556580e-02
-3.160283863544464111e-01
-1.889893598854541779e-02
3.982815425843000412e-03
6.225249543786048889e-02
-1.003308920189738274e-03
-5.853639449924230576e-03
1.889966279268264771e-01
-3.009422309696674347e-02
-3.283977136015892029e-02
-1.005113944411277771e-01
1.866319030523300171e-01
7.848358154296875000e-02
4.139536526054143906e-03
-1.289732456207275391e-01
6.991128623485565186e-02
7.898121140897274017e-03
-1.299315541982650757e-01
8.043655008077621460e-02
8.721647784113883972e-03
-5.075844377279281616e-02
-1.433387398719787598e-01
3.267757594585418701e-02
-3.136534243822097778e-02
-3.964828699827194214e-02
-5.105513613671064377e-03
-5.516348034143447876e-02
