4.791398532688617706e-03
3.863825276494026184e-02
-1.653748750686645508e-02
-3.044836968183517456e-02
4.102259874343872070e-02
-3.431108221411705017e-02
2.091846019029617310e-01
7.110086828470230103e-02
1.071516349911689758e-01
-5.799745023250579834e-02
-3.059697151184082031e-02
-4.875266924500465393e-02
-1.925006508827209473e-02
-3.076659440994262695e-01
-1.204907055944204330e-02
1.119209825992584229e-01
-6.384740024805068970e-02
4.576290398836135864e-02
-1.828897446393966675e-01
-6.719879060983657837e-02
6.694349646568298340e-02
2.644048072397708893e-02
-1.344183683395385742e-01
6.712461262941360474e-02
6.378824263811111450e-02
3.252928331494331360e-02
1.056684628129005432e-01
1.826680265367031097e-02
-2.043234705924987793e-01
-1.069630011916160583e-01
7.416686415672302246e-02
-7.391909509897232056e-02
2.106712898239493370e-03
-2.207538299262523651e-02
7.961326092481613159e-02
-1.129716727882623672e-02
-9.874191135168075562e-02
5.894108861684799194e-02
7.992608100175857544e-02
-7.346542179584503174e-02
6.908453255891799927e-02
-4.739189520478248596e-02
-1.844851858913898468e-02
-9.372515231370925903e-02
1.120738461613655090e-01
-9.007241576910018921e-02
9.918519109487533569e-02
-4.096918553113937378e-02
-5.229131318628787994e-03
-6.607583910226821899e-02
1.685244292020797729e-01
5.801142752170562744e-02
-1.206118911504745483e-01
1.259690672159194946e-01
8.378927409648895264e-02
-1.651139929890632629e-02
-3.820499777793884277e-02
1.114937961101531982e-01
-1.680528670549392700e-01
1.265327185392379761e-01
-1.464323401451110840e-01
-7.132347673177719116e-02
-6.172676512505859137e-05
8.701962977647781372e-02
-4.840833693742752075e-02
-2.914185523986816406e-01
2.071326225996017456e-01
-1.119903251528739929e-01
-9.265296161174774170e-02
-3.937427885830402374e-03
3.416994214057922363e-02
1.752252876758575439e-01
-1.216352451592683792e-02
-1.789254546165466309e-01
-9.249118715524673462e-02
-5.537474155426025391e-02
-1.391819715499877930e-01
6.128642335534095764e-02
-2.728092111647129059e-02
7.347803562879562378e-02
-4.509783163666725159e-02
-1.542494744062423706e-01
-1.060068234801292419e-01
8.602402359247207642e-02
7.816098630428314209e-02
-1.774743199348449707e-01
-8.446012623608112335e-03
-4.199244081974029541e-02
6.879032589495182037e-03
-1.743031889200210571e-01
-7.683790475130081177e-02
7.492530345916748047e-02
-9.716384112834930420e-02
3.652201592922210693e-02
-3.834700956940650940e-02
-1.134392470121383667e-01
-1.862974092364311218e-02
2.326864153146743774e-01
-2.011059969663619995e-01
-3.076230883598327637e-01
