-1.514760404825210571e-01 -1.338138878345489502e-01 6.675492972135543823e-02 7.032179832458496094e-02 5.372350662946701050e-02 5.846635624766349792e-02
3.105183131992816925e-02 2.229914255440235138e-02 -1.655985787510871887e-02 -1.585408598184585571e-01 1.009587571024894714e-01 5.531390011310577393e-02
8.031905442476272583e-02 -2.160388678312301636e-01 2.913658320903778076e-01 -4.293017461895942688e-02 -1.338984668254852295e-01 7.356419414281845093e-02
1.465995237231254578e-02 -8.463884145021438599e-02 -3.696885332465171814e-02 -2.508777566254138947e-02 4.092817008495330811e-02 6.613500416278839111e-02
-2.747108228504657745e-02 9.244517982006072998e-02 8.023527264595031738e-02 2.190870046615600586e-02 -9.108118712902069092e-02 -5.159879103302955627e-02
1.894912570714950562e-01 -7.964320480823516846e-02 5.924670025706291199e-02 -3.238014504313468933e-02 -2.372269630432128906e-01 8.650209009647369385e-02
1.132501214742660522e-01 -7.348892092704772949e-02 8.206804096698760986e-02 -3.338023424148559570e-01 5.009026732295751572e-03 1.269340068101882935e-01
-1.002914533019065857e-01 -6.799827516078948975e-02 -2.308809012174606323e-02 1.700144410133361816e-01 2.667042911052703857e-01 -6.334276497364044189e-02
-1.788941770792007446e-01 5.683581531047821045e-02 1.750658303499221802e-01 -2.045681700110435486e-02 1.092611774802207947e-01 2.855184674263000488e-02
2.139727920293807983e-01 -1.617460548877716064e-01 -1.032522297464311123e-03 -2.076892852783203125e-01 1.372383981943130493e-01 -1.872427165508270264e-01
1.122922152280807495e-01 1.952717304229736328e-01 -2.179645746946334839e-02 1.317776646465063095e-02 3.706844896078109741e-02 -5.972740799188613892e-02
9.457115828990936279e-02 -1.196278557181358337e-01 -7.745036482810974121e-02 1.047318279743194580e-01 -4.085355997085571289e-02 6.011067703366279602e-02
-1.536763012409210205e-01 6.033946201205253601e-02 9.331840276718139648e-02 -4.828119277954101562e-02 2.153640240430831909e-01 4.093753546476364136e-02
1.748692095279693604e-01 1.283032298088073730e-01 2.484109811484813690e-02 -4.132650047540664673e-02 1.229310035705566406e-01 7.205217331647872925e-02
7.106219977140426636e-02 1.611040979623794556e-01 -5.066559091210365295e-02 -9.513266384601593018e-03 -4.843106120824813843e-02 2.053694985806941986e-02
1.369911059737205505e-02 -2.183450199663639069e-02 -1.280239783227443695e-02 1.508379820734262466e-02 -1.548316627740859985e-01 4.366621747612953186e-02
2.059218734502792358e-01 1.580608189105987549e-01 5.078820139169692993e-02 -1.424560695886611938e-01 -3.439157456159591675e-02 6.535417586565017700e-02
-3.071337752044200897e-02 -9.293641895055770874e-02 -2.933239005506038666e-02 -1.735148578882217407e-01 1.950268596410751343e-01 3.137960135936737061e-01
-2.691331505775451660e-01 8.226152509450912476e-02 -4.736966267228126526e-02 -5.345039814710617065e-02 2.407327666878700256e-02 1.016371697187423706e-01
-3.287279745563864708e-03 -4.559118300676345825e-02 1.403309553861618042e-01 -6.960228830575942993e-02 8.890903741121292114e-02 1.633992940187454224e-01
-8.475328981876373291e-02 -4.325092956423759460e-02 -2.747950144112110138e-02 3.756527975201606750e-02 6.238895282149314880e-02 -8.105550892651081085e-03
-1.120981872081756592e-01 -2.755990065634250641e-02 1.808070391416549683e-01 -1.264835149049758911e-01 7.811341434717178345e-02 -1.345795765519142151e-02
-8.482747524976730347e-02 2.036364227533340454e-01 1.273464411497116089e-01 -5.379993095993995667e-02 1.781794875860214233e-01 6.566364318132400513e-02
-1.853318884968757629e-02 -1.333186328411102295e-01 -2.392515093088150024e-01 1.209868490695953369e-02 -8.230163902044296265e-02 2.094028890132904053e-01
-7.997922599315643311e-02 -4.525425657629966736e-02 -1.763412356376647949e-01 1.119753941893577576e-01 1.306568533182144165e-01 -5.683341994881629944e-02
1.858711689710617065e-01 -3.990424796938896179e-02 2.113415859639644623e-02 -5.017642676830291748e-02 1.084955781698226929e-01 3.094716072082519531e-01
1.274250149726867676e-01 -5.981718003749847412e-02 -1.036080941557884216e-01 5.590929090976715088e-02 -3.501580655574798584e-02 -6.525772809982299805e-02
1.044611483812332153e-01 7.898419350385665894e-02 -2.297763712704181671e-02 -1.706478297710418701e-01 -8.268829435110092163e-02 1.154526248574256897e-01
-2.646867930889129639e-01 -3.627889230847358704e-02 8.546941727399826050e-02 6.784804165363311768e-02 -1.924186050891876221e-01 4.637645557522773743e-03
1.196831017732620239e-01 -1.292058825492858887e-02 -8.381383121013641357e-02 3.266465663909912109e-02 9.612375497817993164e-02 8.846455067396163940e-02
2.823498845100402832e-02 1.870957911014556885e-01 1.172405388206243515e-02 6.162015348672866821e-02 -1.763006895780563354e-01 1.622540056705474854e-01
2.554328180849552155e-02 5.720420926809310913e-02 1.662850566208362579e-02 -6.958666443824768066e-02 -8.107797801494598389e-02 1.849795132875442505e-02
-1.642114371061325073e-01 2.855018898844718933e-02 3.607749938964843750e-02 8.687043935060501099e-02 6.036019325256347656e-02 2.880138717591762543e-02
5.931625515222549438e-02 -1.620346009731292725e-01 2.078776992857456207e-02 1.512187421321868896e-01 2.971485070884227753e-02 -7.542232051491737366e-04
-1.080860123038291931e-01 7.340211421251296997e-02 -1.388617157936096191e-01 5.722577124834060669e-02 9.206654131412506104e-02 -6.902128458023071289e-02
-3.813554346561431885e-02 -1.205944046378135681e-01 -2.779915370047092438e-02 1.103107109665870667e-01 -1.181722804903984070e-02 -2.347200214862823486e-01
-9.707967191934585571e-02 -8.582370728254318237e-02 1.400832384824752808e-01 -1.407675165683031082e-02 1.871093958616256714e-01 -2.128941863775253296e-01
-2.236992716789245605e-01 5.320291966199874878e-02 1.413786411285400391e-01 2.990208333358168602e-03 -5.270435661077499390e-02 1.578201949596405029e-01
1.853393018245697021e-01 8.219357579946517944e-02 -9.672448039054870605e-02 -4.949625208973884583e-02 -1.913921386003494263e-01 1.696573197841644287e-01
4.532195255160331726e-02 1.247851457446813583e-02 1.295995200052857399e-03 -4.418650642037391663e-02 -2.470523118972778320e-01 1.665863692760467529e-01
2.056821063160896301e-02 -5.944043025374412537e-02 7.507229689508676529e-03 1.295901387929916382e-01 -4.796900972723960876e-02 6.039458885788917542e-02
1.608985513448715210e-01 1.027810201048851013e-01 2.742267586290836334e-02 1.100286617875099182e-01 -4.651117697358131409e-02 1.430730521678924561e-01
9.048037976026535034e-02 -1.798472255468368530e-01 1.169467344880104065e-01 -4.798082262277603149e-02 -1.260756850242614746e-01 -1.132199317216873169e-01
-4.934925958514213562e-02 -8.540039509534835815e-02 -6.703414022922515869e-02 1.820062696933746338e-01 -3.886659815907478333e-02 1.042548641562461853e-01
-3.651523496955633163e-03 -1.418330222368240356e-01 1.319731175899505615e-01 -1.765190213918685913e-01 -5.560888722538948059e-02 7.243293523788452148e-02
-1.734300851821899414e-01 -9.353040158748626709e-02 -3.433952480554580688e-02 1.472909282892942429e-02 -3.521571680903434753e-02 2.786167152225971222e-02
2.285937219858169556e-02 -5.926013365387916565e-02 2.967493049800395966e-02 4.700461775064468384e-02 -1.866541504859924316e-01 -1.926824823021888733e-02
1.342412531375885010e-01 -1.347751240245997906e-03 -5.414345115423202515e-02 -2.350171096622943878e-02 2.620198950171470642e-02 3.059951364994049072e-01
3.551408648490905762e-02 5.352405458688735962e-02 6.777511537075042725e-02 1.148557756096124649e-02 -9.572505950927734375e-02 9.708804637193679810e-02
-3.151509165763854980e-02 -1.787061691284179688e-01 -5.681543145328760147e-03 5.020954832434654236e-02 2.952471375465393066e-01 6.938418745994567871e-02
-7.926087081432342529e-02 2.039692699909210205e-01 -2.570042759180068970e-02 -7.507626712322235107e-02 -1.757420226931571960e-02 2.040483616292476654e-02
2.184771895408630371e-01 -1.966764926910400391e-01 -9.781561046838760376e-02 -1.228199377655982971e-01 -5.525728315114974976e-02 1.422343850135803223e-01
-5.718081071972846985e-02 7.145316898822784424e-02 -2.927506268024444580e-01 3.424668312072753906e-02 -1.271438151597976685e-01 -6.183852441608905792e-03
5.125164985656738281e-02 -1.977925747632980347e-02 -3.195153772830963135e-01 -1.610596626996994019e-01 2.008621953427791595e-02 -3.986738249659538269e-02
-1.223803535103797913e-01 7.708878070116043091e-02 -1.403095871210098267e-01 2.746205329895019531e-01 2.478462755680084229e-01 2.997943200170993805e-02
-2.638491429388523102e-02 -1.302116662263870239e-01 -1.792492158710956573e-02 -6.564733386039733887e-02 1.259911358356475830e-01 1.861801594495773315e-01
-7.148942910134792328e-03 1.986821442842483521e-01 -1.090921685099601746e-01 -7.161793112754821777e-02 3.716982901096343994e-02 1.393941938877105713e-01
9.528768807649612427e-02 -7.768307626247406006e-02 -8.365368098020553589e-02 1.535738110542297363e-01 1.415383815765380859e-01 -1.653095632791519165e-01
1.526515837758779526e-02 1.033673211932182312e-01 -2.620757818222045898e-01 -1.375818401575088501e-01 -7.194524258375167847e-02 5.129928514361381531e-02
8.543104678392410278e-02 9.264676272869110107e-02 8.842419087886810303e-02 -2.041999995708465576e-02 4.092963039875030518e-02 -6.468060612678527832e-02
1.877859421074390411e-02 -1.662477850914001465e-01 -1.238376554101705551e-02 4.661963321268558502e-03 1.073167473077774048e-01 -1.031161695718765259e-01
3.966946899890899658e-02 -1.826836019754409790e-01 1.360449474304914474e-02 -2.723595201969146729e-01 2.232349850237369537e-02 1.147629842162132263e-01
-7.229258865118026733e-02 2.027416974306106567e-02 4.166424274444580078e-02 -1.533059924840927124e-01 4.491456598043441772e-02 -5.019577592611312866e-02
-3.729629889130592346e-02 -1.349184811115264893e-01 -4.654661938548088074e-02 2.791080810129642487e-02 2.495217323303222656e-01 4.667025059461593628e-02
-1.176961660385131836e-01 3.775338456034660339e-02 -5.538092181086540222e-02 -1.700507476925849915e-02 -1.375103592872619629e-01 3.865519165992736816e-02
3.152508735656738281e-01 -1.681014895439147949e-01 -1.426111459732055664e-01 1.250445991754531860e-01 2.383999675512313843e-01 -1.008584350347518921e-01
-2.347318269312381744e-02 1.762730069458484650e-02 -1.302593350410461426e-01 -1.448293924331665039e-01 -4.464547708630561829e-02 2.001995220780372620e-02
1.324846129864454269e-02 -1.223868951201438904e-01 -1.161777600646018982e-01 2.507938742637634277e-01 3.195967078208923340e-01 -3.962272778153419495e-02
-6.630033999681472778e-02 1.819127500057220459e-01 1.338136848062276840e-02 -3.786301985383033752e-02 -4.894294589757919312e-02 2.583459317684173584e-01
-1.861136257648468018e-01 1.463036537170410156e-01 1.366565562784671783e-02 -1.651998460292816162e-01 6.623490899801254272e-02 1.137686669826507568e-01
-1.526176035404205322e-01 -3.870094893500208855e-03 8.604005724191665649e-02 1.794251054525375366e-01 -2.911907061934471130e-02 -2.931896410882472992e-02
1.918305605649948120e-01 -6.428644061088562012e-03 -8.689935505390167236e-02 2.000497877597808838e-01 -5.669205263257026672e-02 1.056702509522438049e-01
-1.992853432893753052e-01 1.251777410507202148e-01 -4.475393146276473999e-02 5.734313651919364929e-02 -1.102056801319122314e-01 -1.154793798923492432e-01
-1.069200932979583740e-01 -2.139036916196346283e-02 -2.608948945999145508e-02 -1.648574881255626678e-02 -2.193276733160018921e-01 -7.819749414920806885e-02
1.227211132645606995e-01 -3.384443745017051697e-02 6.190298125147819519e-02 8.407212793827056885e-02 -2.264730632305145264e-01 6.222552433609962463e-02
-6.298828870058059692e-02 2.343981340527534485e-02 -1.483958661556243896e-01 1.792842708528041840e-02 3.298627957701683044e-02 8.924310654401779175e-02
-1.117539312690496445e-02 2.684328518807888031e-02 2.099476754665374756e-01 2.643071487545967102e-02 -1.334259659051895142e-01 -8.227882534265518188e-02
-3.118975758552551270e-01 3.540036082267761230e-01 2.613360248506069183e-02 9.839267283678054810e-02 8.888959884643554688e-02 -9.581341594457626343e-02
2.400388754904270172e-02 1.497230678796768188e-01 1.346993818879127502e-02 6.052896380424499512e-02 -9.054329246282577515e-02 -2.002908438444137573e-01
-1.091738641262054443e-01 -2.134319394826889038e-01 -1.959441229701042175e-02 1.481869723647832870e-02 4.447618871927261353e-02 1.545864641666412354e-01
1.252591609954833984e-01 -1.565474867820739746e-01 -3.229972720146179199e-02 -1.506969630718231201e-01 6.124147772789001465e-02 -1.350006163120269775e-01
9.859008342027664185e-02 2.094295769929885864e-01 1.182729080319404602e-01 -1.609545052051544189e-01 1.883651316165924072e-02 -1.437298357486724854e-01
-1.449249535799026489e-01 1.660025119781494141e-02 1.204495653510093689e-01 4.152909293770790100e-02 -1.452960353344678879e-02 -1.474062204360961914e-01
1.969121843576431274e-01 -1.357633620500564575e-01 2.063459157943725586e-02 -6.082869134843349457e-03 -3.912246972322463989e-02 -1.557797193527221680e-01
3.624543175101280212e-02 5.646787956357002258e-02 2.233324795961380005e-01 1.005587652325630188e-01 -7.494890689849853516e-02 -1.020244210958480835e-01
-1.102453544735908508e-01 -8.094516396522521973e-02 -9.427804499864578247e-03 7.336911559104919434e-02 -1.292515695095062256e-01 8.491860330104827881e-02
1.374522875994443893e-02 -7.668227702379226685e-02 -1.509795188903808594e-01 -9.870629012584686279e-02 6.962455809116363525e-02 2.136581577360630035e-02
-1.148012802004814148e-01 -1.398691236972808838e-01 3.380586951971054077e-02 9.140035510063171387e-02 -1.691497862339019775e-02 -7.993732392787933350e-02
-2.014206945896148682e-01 -1.863766610622406006e-01 -2.652087807655334473e-01 3.659212496131658554e-03 8.124289102852344513e-03 -1.614857316017150879e-01
1.511079072952270508e-01 -6.197518110275268555e-02 3.886530548334121704e-02 1.072631254792213440e-01 1.519851982593536377e-01 8.390469849109649658e-02
-9.867395274341106415e-03 2.087011635303497314e-01 -1.391986012458801270e-01 -7.630328834056854248e-02 2.309470623731613159e-02 -8.312190324068069458e-02
1.526370346546173096e-01 4.049823060631752014e-02 2.151692472398281097e-02 3.144402056932449341e-02 -1.293272078037261963e-01 -1.456279009580612183e-01
1.307646334171295166e-01 1.653773635625839233e-01 1.862843893468379974e-02 -2.061489224433898926e-02 1.900111883878707886e-02 1.894847676157951355e-02
-6.904023140668869019e-02 1.057331413030624390e-01 2.026122659444808960e-01 5.305897071957588196e-02 -1.062429398298263550e-01 2.069945633411407471e-02
-1.892151236534118652e-01 3.610591590404510498e-02 -8.516340516507625580e-03 6.637272238731384277e-02 -9.972592443227767944e-02 1.048613935708999634e-01
-8.334185183048248291e-02 2.824216894805431366e-02 -1.564209163188934326e-01 -2.277930527925491333e-01 -5.916671827435493469e-02 -8.115909248590469360e-02
9.516234695911407471e-02 2.820326983928680420e-01 -1.280271410942077637e-01 1.286589950323104858e-01 9.116835892200469971e-02 -2.321922918781638145e-03
1.041992604732513428e-01 -5.705846473574638367e-02 1.385747939348220825e-01 -1.994217634201049805e-01 8.975473791360855103e-02 6.277438253164291382e-02
-3.284969180822372437e-02 -1.885382384061813354e-01 -1.677993983030319214e-01 -7.504799962043762207e-02 -1.521962974220514297e-02 -1.841935887932777405e-02
-1.220878958702087402e-01 -6.048570573329925537e-02 1.016189604997634888e-01 -4.679089412093162537e-02 -2.095194160938262939e-01 -1.878623813390731812e-01
